(a) P(D_1) 

a =

    0.4500    0.5500


(b): P(D_t = r | S_1:t) 

b =

    0.0220
    0.0278
    0.0011
    0.0001
    0.0001
    0.0000
    0.0000
    0.0000
    0.0000
    0.0000

(c): P(D_t = r | S_1:10) 

gamma =

    0.0729
    0.0732
    0.0650
    0.0866
    0.1525
    0.1636
    0.2091
    0.0834
    0.0482
    0.0456


c =

    0.0729
    0.0732
    0.0650
    0.0866
    0.1525
    0.1636
    0.2091
    0.0834
    0.0482
    0.0456

(d): argmax_d P(D=d | S_1:10) 

d =

     0     1     2     1     1     2     1     2     2     1

(e): P_+L(S_1:10) and P_-L(S_1:10) 

prob_watch =

   1.0270e-06


prob_no_watch =

   1.1877e-06